0 0.08292652815544674 0.7754891493513769 0.16585305631089348 0.2548353246740408
0 0.2791376283371608 0.6609242686709816 0.2022396879233553 0.28452282467404083
0 0.07788490332478887 0.5625079082798307 0.15576980664957774 0.27810918344033875
0 0.1493294561291794 0.308046504871264 0.2033993962002413 0.2470773717519415
0 0.4723641644060653 0.33987360876959327 0.19723128335537102 0.24853077759614006
0 0.7459886929001962 0.43578653206695755 0.20767081637205784 0.2690069188298422
0 0.47123327510322904 0.6146417836885154 0.23802005766563053 0.252364889608849
0 0.6648261448455042 0.6440450913197229 0.21918817051050077 0.250475107141445
0 0.5347004743350035 0.8929656067409983 0.20390400723608923 0.19713191882984232
0 0.3756463789029877 0.8598372812528833 0.21886726594251654 0.21456488068039548
0 0.3500774858665058 0.156240722810897 0.21179175033868436 0.2284910129856435
0 0.3034603561746079 0.39043449066780445 0.2107205732694628 0.2378387394466932