0 0.10625 0.22265625 0.18828125 0.2515625
0 0.3140625 0.33359375 0.18671875 0.28125
0 0.0890625 0.4359375 0.178125 0.275
0 0.165625 0.6890625 0.19140625 0.24296875
0 0.490625 0.6515625 0.184375 0.2453125
0 0.76953125 0.55078125 0.19375 0.26484375
0 0.50390625 0.3765625 0.22578125 0.2484375
0 0.69921875 0.34375 0.20625 0.24765625
0 0.58203125 0.096875 0.19296875 0.19296875
0 0.42109375 0.1328125 0.2078125 0.2109375
0 0.35859375 0.8375 0.20078125 0.22421875
0 0.32421875 0.60390625 0.1984375 0.234375