0 0.11662038151258469 0.22884460779368573 0.19921671174404304 0.26248313140062185
0 0.32959987861710055 0.35188580759604166 0.20059942927905433 0.2921706314006219
0 0.10936661538253423 0.44112479991529535 0.1909333308506309 0.2853745998305907
0 0.1977186017336831 0.698709057737216 0.20197783870851377 0.2548526419239655
0 0.5209720111631425 0.6801381521649607 0.19580061331561965 0.25605112087727805
0 0.7951842990048148 0.5956013413733856 0.20612168320799568 0.2769096524473092
0 0.5214449303125116 0.4059116968891713 0.23657116252983137 0.2615422576807463
0 0.7152291635632887 0.38447485459815245 0.21774838792272533 0.25888769454068405
0 0.5865432756405632 0.13077445997276377 0.20277405128112633 0.20503465244730928
0 0.42727959160399787 0.1573384180205633 0.21763707195929066 0.22304119980235595
0 0.3976009394087396 0.8583857075536894 0.21047954342324343 0.23664867349399685
0 0.3523461356464139 0.6227898417969087 0.2093536910658786 0.24593266823232476