0 0.21314617234075062 0.21618024412750522 0.2757514724198929 0.24844482633910117
0 0.1481529728156043 0.3969468593294846 0.20534804420664754 0.24327394154108042
0 0.08704329123714664 0.5770458847980207 0.1336716210079671 0.19435305674305994
0 0.15735945440669724 0.7133531093294845 0.25489340314042075 0.22910379295300629
0 0.3079230587216169 0.8958682610516618 0.33247283386094856 0.20826347789667637
0 0.4067911530739138 0.7010961163891135 0.3520699315119506 0.2959396034569899
0 0.6359571305083715 0.8924926915410805 0.4331547954602886 0.21501461691783916
0 0.776160649379497 0.7221637519785571 0.44767870124100606 0.3942981986007094
0 0.8336141335443795 0.40621815472326633 0.332771732911241 0.4488827470304992
0 0.6811998388755135 0.1790609581676209 0.48114967775102696 0.33248016020004967
0 0.5777471960934271 0.4867250424907879 0.41449102665567034 0.4023547395086517
0 0.34831444569771564 0.3278344611371218 0.4390698263391012 0.28129809342786
0 0.38574493487716294 0.11191995612255687 0.38394440564770316 0.21100231380268886