0 0.23001335589776534 0.7874347233052286 0.2757514724198929 0.24375218936981646
0 0.1543815554229116 0.6054403833147737 0.20539350831327022 0.24137152936027134
0 0.08267873700136927 0.424181839990455 0.1336716210079671 0.19211586935072641
0 0.14517507383181869 0.28903413331477357 0.2548934031404207 0.22476583203372574
0 0.28523646951689907 0.10687451929504724 0.33247283386094856 0.20692489871099795
0 0.3957433751646022 0.30565636994750245 0.3520699315119506 0.28993739337999785
0 0.6134523977301444 0.11097222063972852 0.4331547954602888 0.22194444127945703
0 0.7703412437317938 0.2911365998965957 0.4593175125364123 0.38646804272754265
0 0.8370466735943918 0.6082962805538233 0.32590665281121645 0.442989668045816
0 0.7010221893630024 0.8327524825748224 0.4811496777510268 0.32424076273072444
0 0.5794748321450889 0.5231240385900945 0.41449102665567034 0.3953157840547247
0 0.3589075825408003 0.6780859006206384 0.4390698263391012 0.2737680480585428
0 0.408977093361353 0.8947643232813661 0.38394440564770316 0.20439988271799764