0 0.21015625 0.20703125 0.24140625 0.26796875
0 0.39296875 0.13671875 0.23828125 0.1984375
0 0.575 0.0703125 0.18984375 0.128125
0 0.709375 0.13671875 0.221875 0.2484375
0 0.88984375 0.28203125 0.20234375 0.3265625
0 0.68984375 0.38671875 0.2859375 0.34296875
0 0.88671875 0.61015625 0.2265625 0.4265625
0 0.7 0.76171875 0.38125 0.4484375
0 0.38203125 0.83125 0.4390625 0.3375
0 0.159375 0.6765625 0.31796875 0.47265625
0 0.4703125 0.5640625 0.390625 0.40390625
0 0.31796875 0.3390625 0.26875 0.43125
0 0.10078125 0.3828125 0.20078125 0.378125