0 0.8755713344690983 0.271875 0.1635597839891055 0.2328125
0 0.7448148871564039 0.33046875 0.11615416297065302 0.196875
0 0.6509892924463105 0.35859375 0.11698862087727804 0.184375
0 0.5898851924745455 0.38828125 0.08831758930724706 0.175
0 0.5385656161803036 0.4109375 0.09265647881213823 0.1421875
0 0.49708377147021043 0.4390625 0.07704688936371688 0.115625
0 0.39461892412928123 0.46796875 0.04481124203690508 0.071875
0 0.4217806636059375 0.47109375 0.048846294653623445 0.0875
0 0.45366770043764043 0.46015625 0.06152830517696728 0.090625
0 0.6999933377352188 0.9390625 0.1570984104104042 0.121875
0 0.5961780929968905 0.9375 0.09625191567207611 0.1234375
0 0.5348989587536712 0.903125 0.09394596302712266 0.1375
0 0.3576069586124969 0.7546875 0.06474431043863911 0.0921875
0 0.38598258759404436 0.790625 0.05518729991529536 0.0890625
0 0.4113620191923103 0.8109375 0.06832433674699842 0.1
0 0.4512589770989356 0.8234375 0.07915542093374803 0.125
0 0.4868023639729907 0.85703125 0.10835707352223167 0.1703125
0 0.5399732816406182 0.06484375 0.11325740514873246 0.1203125
0 0.5549381289815475 0.0359375 0.08856124203690499 0.071875
0 0.4838451080054472 0.11640625 0.07375528939195171 0.0859375
0 0.4348013922769015 0.18046875 0.0576752630835923 0.078125
0 0.38722917128668377 0.24609375 0.044993252560248734 0.075