0 0.89140625 0.728125 0.15078125 0.2328125
0 0.7640625 0.66953125 0.1046875 0.19609375
0 0.671875 0.64140625 0.10546875 0.18359375
0 0.6125 0.61171875 0.078125 0.175
0 0.5625 0.5890625 0.084375 0.1421875
0 0.52265625 0.5609375 0.0703125 0.115625
0 0.421875 0.53203125 0.03984375 0.07109375
0 0.44921875 0.52890625 0.04375 0.08671875
0 0.48046875 0.53984375 0.05703125 0.08984375
0 0.7546875 0.0609375 0.15 0.121875
0 0.65078125 0.0625 0.0890625 0.1234375
0 0.5875 0.096875 0.08515625 0.13671875
0 0.4015625 0.2453125 0.06015625 0.0921875
0 0.43203125 0.209375 0.05 0.0890625
0 0.45859375 0.1890625 0.06171875 0.09921875
0 0.49921875 0.1765625 0.071875 0.125
0 0.53671875 0.14296875 0.09765625 0.1703125
0 0.54375 0.93515625 0.10625 0.1203125
0 0.55703125 0.9640625 0.084375 0.07109375
0 0.490625 0.88359375 0.06875 0.0859375
0 0.4453125 0.81953125 0.05234375 0.07734375
0 0.4015625 0.75390625 0.03984375 0.075