0 0.09909966579443108 0.2693474524129513 0.15812999164729752 0.2363037887533334
0 0.224397276957024 0.32497724373173587 0.11156252649368784 0.1993116286090973
0 0.3156026303150686 0.3509565558520831 0.11268851687504107 0.18684799620027787
0 0.3739409199707823 0.37926208738722184 0.08423613466105584 0.17681837955902785
0 0.42314974628698493 0.40075457446944407 0.08934029691210785 0.14415134992375017
0 0.4620113496450295 0.4279522008943399 0.07435021397248338 0.11726154160312507
0 0.5617831711519087 0.454512741263194 0.0431349303072194 0.07282055737069441
0 0.5343302937472469 0.4582741741088537 0.046805567330527965 0.08851829255305574
0 0.503462239663563 0.4480640259324648 0.05941469473518968 0.09193423328249999
0 0.21251971489915564 0.9333527881846525 0.1542559687818068 0.12536628875333378
0 0.3164805286014865 0.9293718433711454 0.09337303248413757 0.12551045269729144
0 0.3809621800527653 0.893523955928333 0.08917660580511537 0.13946384992375016
0 0.5720832317741966 0.7407587125778468 0.06259425843752062 0.09356946846486114
0 0.540359516620587 0.7774053806058676 0.053110131032858734 0.09022626291777769
0 0.5130876884902859 0.7983361296559371 0.06599207694917482 0.10145470364722228
0 0.472026178871639 0.8117816870266316 0.07624009618646851 0.12667290919430557
0 0.4333530592715256 0.8462482592149648 0.10282244355406327 0.17256729065319476
0 0.4539856063532695 0.05780858073770816 0.11045140507947586 0.11561716147541631
0 0.4417137848463903 0.03127335643109358 0.0868849303072194 0.06254671286218716
0 0.5053100041763512 0.10455041527513846 0.07175100362819702 0.0875376740119445
0 0.5483853923807862 0.16755825513090233 0.05585318511654265 0.07936149810013893
0 0.5898437168828903 0.23216496257784672 0.04324405771188111 0.0759455573706945