0 0.8314369782883512 0.25879416049604165 0.2566160504177418 0.24912188539871388
0 0.6302100593149904 0.25603786950702095 0.2558467292769343 0.30680705140632514
0 0.19336131672936427 0.30905271193954775 0.2750477154367699 0.2420733893530465
0 0.4006963142579063 0.2888662514456937 0.21487421939110263 0.25834037650146524
0 0.8593722717860108 0.46424832304361174 0.22147704646340927 0.2289712114824372
0 0.6429169422422464 0.4910667855146322 0.21758804250907654 0.21009387749004843
0 0.4243261097327323 0.5038864149818469 0.25840404349765966 0.21643671939110262
0 0.192072025246052 0.5078722139167141 0.2507188774900485 0.21924338441013055
0 0.20879790471326679 0.7263038789357422 0.24121654349765959 0.21573638243296428
0 0.4211533246752107 0.7333020009514021 0.2552790434976597 0.21630938539871386
0 0.6512719061961416 0.7153173690127295 0.21860671444818677 0.23509387749004845
0 0.867073319732295 0.6916557400398061 0.23691104547482594 0.22492038144438115