0 0.18046875 0.2921875 0.24609375 0.2390625
0 0.38125 0.28125 0.24453125 0.29609375
0 0.81953125 0.31640625 0.26484375 0.23125
0 0.61171875 0.3046875 0.2046875 0.25078125
0 0.1609375 0.4984375 0.21328125 0.2203125
0 0.378125 0.51640625 0.209375 0.2015625
0 0.596875 0.5203125 0.25078125 0.20625
0 0.82890625 0.51484375 0.2421875 0.209375
0 0.82109375 0.73359375 0.2328125 0.20546875
0 0.609375 0.74921875 0.24765625 0.20703125
0 0.37890625 0.740625 0.209375 0.2265625
0 0.1625 0.72578125 0.22734375 0.21640625