0 0.8524981470189534 0.7078125 0.2580095148871962 0.2390625
0 0.6522263192686945 0.71875 0.25757717535011293 0.296875
0 0.2123076406088126 0.68359375 0.2763956418516669 0.23125
0 0.4206659501621065 0.6953125 0.21633143713693706 0.25
0 0.8624231488809802 0.5015625 0.22276121960192583 0.2203125
0 0.6443987408992629 0.48359375 0.21876292431665548 0.2015625
0 0.42546680438149825 0.4796875 0.25960624813797323 0.20625
0 0.19369026550636873 0.48515625 0.2519392973521849 0.209375
0 0.19131432051154867 0.26640625 0.2424187481379732 0.20625
0 0.40230532444049005 0.25078125 0.25648124813797324 0.20625
0 0.6331743347795723 0.259375 0.2199273180303493 0.2265625
0 0.850271943547078 0.27421875 0.23816789578060807 0.215625